3 1852500
4 248500
5 2519100
6 1142700
16 12944200
19 2109000
20 1357300
7 351100
45 3049300
11 7573500
10 3686100
12 455900
1 610900
13 4822000
14 2533300
2 1247900
17 1110400
18 1717700
21 1720800
23 531700
24 2194700
22 2579500
25 3884200
26 2148700
27 1091300
28 2372200
29 416100
30 747600
31 1055200
33 520600
32 3194500
35 758400
34 7209000
50 3882400
49 315100
36 4624700
37 1469300
38 1571700
39 4937800
41 408200
9 1877900
8 334000
43 2556300
42 9535600
15 943100
46 254800
47 3120700
40 722100
48 2327000
44 223600