3 1860500
4 250500
5 2610000
6 1160700
16 13700000
19 2180000
20 1380300
7 370100
45 3190200
11 7810000
10 3800000
12 530900
1 640900
13 4860000
14 2600000
2 1270900
17 1130400
18 1730700
21 1740800
23 570700
24 2220700
22 2620000
25 3960200
26 2190700
27 1110300
28 2430200
29 430100
30 770600
31 1130200
33 530600
32 3250000
35 790400
34 7370000
50 4010000
49 320100
36 4680700
37 1490300
38 1640700
39 5070800
41 410200
9 1930900
8 350000
43 2600300
42 9780000
15 1000000
46 260800
47 3180000
40 730100
48 2370000
44 230600